%%MatrixMarket matrix coordinate real general
100 100 100
1 1   1.00000000000000000000e+00
2 2   2.00000000000000000000e+00
3 3   3.00000000000000000000e+00
4 4   4.00000000000000000000e+00
5 5   5.00000000000000000000e+00
6 6   6.00000000000000000000e+00
7 7   7.00000000000000000000e+00
8 8   8.00000000000000000000e+00
9 9   9.00000000000000000000e+00
10 10   1.00000000000000000000e+01
11 11   1.10000000000000000000e+01
12 12   1.20000000000000000000e+01
13 13   1.30000000000000000000e+01
14 14   1.40000000000000000000e+01
15 15   1.50000000000000000000e+01
16 16   1.60000000000000000000e+01
17 17   1.70000000000000000000e+01
18 18   1.80000000000000000000e+01
19 19   1.90000000000000000000e+01
20 20   2.00000000000000000000e+01
21 21   2.10000000000000000000e+01
22 22   2.20000000000000000000e+01
23 23   2.30000000000000000000e+01
24 24   2.40000000000000000000e+01
25 25   2.50000000000000000000e+01
26 26   2.60000000000000000000e+01
27 27   2.70000000000000000000e+01
28 28   2.80000000000000000000e+01
29 29   2.90000000000000000000e+01
30 30   3.00000000000000000000e+01
31 31   3.10000000000000000000e+01
32 32   3.20000000000000000000e+01
33 33   3.30000000000000000000e+01
34 34   3.40000000000000000000e+01
35 35   3.50000000000000000000e+01
36 36   3.60000000000000000000e+01
37 37   3.70000000000000000000e+01
38 38   3.80000000000000000000e+01
39 39   3.90000000000000000000e+01
40 40   4.00000000000000000000e+01
41 41   4.10000000000000000000e+01
42 42   4.20000000000000000000e+01
43 43   4.30000000000000000000e+01
44 44   4.40000000000000000000e+01
45 45   4.50000000000000000000e+01
46 46   4.60000000000000000000e+01
47 47   4.70000000000000000000e+01
48 48   4.80000000000000000000e+01
49 49   4.90000000000000000000e+01
50 50   5.00000000000000000000e+01
51 51   5.10000000000000000000e+01
52 52   5.20000000000000000000e+01
53 53   5.30000000000000000000e+01
54 54   5.40000000000000000000e+01
55 55   5.50000000000000000000e+01
56 56   5.60000000000000000000e+01
57 57   5.70000000000000000000e+01
58 58   5.80000000000000000000e+01
59 59   5.90000000000000000000e+01
60 60   6.00000000000000000000e+01
61 61   6.10000000000000000000e+01
62 62   6.20000000000000000000e+01
63 63   6.30000000000000000000e+01
64 64   6.40000000000000000000e+01
65 65   6.50000000000000000000e+01
66 66   6.60000000000000000000e+01
67 67   6.70000000000000000000e+01
68 68   6.80000000000000000000e+01
69 69   6.90000000000000000000e+01
70 70   7.00000000000000000000e+01
71 71   7.10000000000000000000e+01
72 72   7.20000000000000000000e+01
73 73   7.30000000000000000000e+01
74 74   7.40000000000000000000e+01
75 75   7.50000000000000000000e+01
76 76   7.60000000000000000000e+01
77 77   7.70000000000000000000e+01
78 78   7.80000000000000000000e+01
79 79   7.90000000000000000000e+01
80 80   8.00000000000000000000e+01
81 81   8.10000000000000000000e+01
82 82   8.20000000000000000000e+01
83 83   8.30000000000000000000e+01
84 84   8.40000000000000000000e+01
85 85   8.50000000000000000000e+01
86 86   8.60000000000000000000e+01
87 87   8.70000000000000000000e+01
88 88   8.80000000000000000000e+01
89 89   8.90000000000000000000e+01
90 90   9.00000000000000000000e+01
91 91   9.10000000000000000000e+01
92 92   9.20000000000000000000e+01
93 93   9.30000000000000000000e+01
94 94   9.40000000000000000000e+01
95 95   9.50000000000000000000e+01
96 96   9.60000000000000000000e+01
97 97   9.70000000000000000000e+01
98 98   9.80000000000000000000e+01
99 99   9.90000000000000000000e+01
100 100   1.00000000000000000000e+02
