#m =     10
#n =     10
#nnz =       28
       1       1     1.00000    
       1       2     1.00000    
       2       1     1.00000    
       2       2     1.00000    
       2       3     1.00000    
       3       2     1.00000    
       3       3     1.00000    
       3       4     1.00000    
       4       3     1.00000    
       4       4     1.00000    
       4       5     1.00000    
       5       4     1.00000    
       5       5     1.00000    
       5       6     1.00000    
       6       5     1.00000    
       6       6     1.00000    
       6       7     1.00000    
       7       6     1.00000    
       7       7     1.00000    
       7       8     1.00000    
       8       7     1.00000    
       8       8     1.00000    
       8       9     1.00000    
       9       8     1.00000    
       9       9     1.00000    
       9      10     1.00000    
      10       9     1.00000    
      10      10     1.00000    
